81
(
4(1 5 21 17)
4(4 20 21 5)
4(2 6 22 18)
4(5 21 22 6)
4(6 22 23 7)
4(3 7 23 19)
4(5 9 25 21)
4(8 24 25 9)
4(6 10 26 22)
4(9 25 26 10)
4(10 26 27 11)
4(7 11 27 23)
4(9 13 29 25)
4(10 14 30 26)
4(11 15 31 27)
4(32 35 47 44)
4(7 23 47 35)
4(33 36 48 45)
4(35 47 48 36)
4(36 48 49 37)
4(35 38 50 47)
4(11 27 50 38)
4(36 39 51 48)
4(38 50 51 39)
4(39 51 52 40)
4(38 41 53 50)
4(39 42 54 51)
4(0 4 5 1)
4(4 8 9 5)
4(8 12 13 9)
4(1 5 6 2)
4(5 9 10 6)
4(9 13 14 10)
4(2 6 7 3)
4(6 10 11 7)
4(10 14 15 11)
4(3 7 35 32)
4(7 11 38 35)
4(11 15 41 38)
4(32 35 36 33)
4(35 38 39 36)
4(38 41 42 39)
4(33 36 37 34)
4(36 39 40 37)
4(39 42 43 40)
4(16 17 21 20)
4(20 21 25 24)
4(24 25 29 28)
4(17 18 22 21)
4(21 22 26 25)
4(25 26 30 29)
4(18 19 23 22)
4(22 23 27 26)
4(26 27 31 30)
4(19 44 47 23)
4(23 47 50 27)
4(27 50 53 31)
4(44 45 48 47)
4(47 48 51 50)
4(50 51 54 53)
4(45 46 49 48)
4(48 49 52 51)
4(51 52 55 54)
4(12 28 29 13)
4(13 29 30 14)
4(14 30 31 15)
4(15 31 53 41)
4(41 53 54 42)
4(42 54 55 43)
4(0 1 17 16)
4(1 2 18 17)
4(2 3 19 18)
4(3 32 44 19)
4(32 33 45 44)
4(33 34 46 45)
4(34 37 49 46)
4(37 40 52 49)
4(40 43 55 52)
4(0 16 20 4)
4(4 20 24 8)
4(8 24 28 12)
)


// ************************************************************************* //
